1
1
1
1
1
1
2
1
2
4
1
1
2
2
9
3
34
3
5
3
12
5
4
7
21
3
17
6
13
19
9
3
5
16
16
20
1
1
1
1
3
2
3
8
3
2
14
5
4
5
5
5
10
3
6
6
6
4
13
17
11
2
1
1
1
1
3
6
3
1
1
6
17
7
26
3
10
15
8
3
5
4
2
2
6
6
3
2
20
1
1
2
1
2
1
2
2
1
7
3
10
2
4
4
2
3
13
26
5
11
7
6
9
49
20
6
6
6
6
17
6
1
1
2
1
1
5
2
1
4
3
12
5
9
7
13
3
8
8
11
17
2
6
16
10
3
7
3
3
2
1
2
3
2
2
4
2
1
4
5
9
4
3
10
10
8
6
5
13
8
5
5
5
6
3
4
4
3
3
2
22
17
11
1
1
2
1
2
3
10
3
3
2
3
10
5
9
4
9
5
8
8
5
8
6
7
8
11
8
14
13
14
10
4
5
8
1
2
2
3
4
2
4
9
2
5
19
5
6
15
5
5
2
10
5
11
4
6
6
24
8
20
5
1
1
7
4
7
9
6
4
6
5
4
4
5
9
3
3
1
2
5
4
13
16
9
1
1
4
8
1
3
2
3
3
2
4
10
8
3
7
2
7
6
4
14
19
3
5
1
1
1
1
1
2
4
1
1
2
1
3
4
13
5
20
6
4
10
2
5
6
11
25
4
8
40
1
1
1
2
4
2
6
8
3
3
5
4
4
4
5
4
1
5
5
7
8
12
7
5
1
2
1
2
1
2
3
2
3
3
8
3
9
5
14
10
9
6
6
4
13
23
14
1
4
7
3
2
2
17
9
14
7
8
10
24
10
21
1
9
6
6
6
4
2
7
13
3
34
3
1
1
2
1
1
2
1
1
4
3
1
1
4
7
12
8
4
5
5
7
9
8
6
14
10
3
3
3
13
3
1
5
2
5
3
4
5
3
4
7
5
9
10
7
5
8
5
3
6
3
11
4
10
9
3
2
1
1
1
4
3
3
1
1
3
11
5
3
3
14
22
8
5
5
11
3
2
9
3
5
1
1
3
5
4
3
2
7
3
8
3
5
7
18
10
3
11
7
20
17
13
2
2
2
2
3
1
3
5
4
4
5
2
4
8
6
14
18
2
5
4
4
1
1
4
1
1
1
1
5
6
4
3
3
3
5
5
5
19
5
5
9
4
6
13
3
6
1
3
1
1
1
5
2
3
4
2
3
3
4
20
4
11
14
7
7
1
5
5
1
2
2
6
3
1
1
4
3
3
2
6
3
3
15
9
3
9
13
13
2
142
5
3
11
1
1
3
1
14
2
1
3
3
2
4
3
4
3
3
5
5
8
5
4
5
14
5
3
11
8
1
21
15
22
6
3
4
3
4
1
2
4
2
3
6
8
2
4
3
3
5
5
6
4
8
1
13
19
6
6
4
4
10
4
1
2
3
1
3
4
4
4
1
1
1
4
3
7
9
5
3
18
2
7
14
9
7
7
2
4
1
1
1
1
3
4
3
3
2
2
16
5
5
5
9
5
6
10
2
6
7
8
3
3
19
41
1
1
1
3
1
1
2
2
1
7
4
1
19
5
7
6
3
9
8
9
5
4
8
12
11
11
6
3
6
8
3
1
4
6
1
1
1
3
1
1
2
3
3
4
5
2
5
13
17
12
8
6
4
2
10
6
10
2
4
22
3
8
3
3
3
7
2
1
2
1
1
2
6
1
2
1
4
3
4
3
3
2
1
1
4
5
8
5
10
8
8
4
14
8
6
10
17
7
5
7
7
7
1
3
1
2
1
4
2
3
3
3
12
5
4
15
8
5
10
8
22
9
5
7
6
5
8
6
8
22
1
7
6
25
26
3
12
6
1
1
4
2
1
3
1
2
2
8
3
4
4
2
4
3
7
9
9
12
13
3
6
5
3
9
3
5
4
11
9
4
6
6
22
3
1
1
1
3
1
4
2
4
3
2
1
6
5
2
3
6
2
5
11
3
9
10
4
8
19
1
6
6
7
9
39
9
3
7
1
1
2
3
5
1
1
10
1
3
1
1
3
2
2
3
1
1
17
6
2
14
7
11
12
7
1
1
1
1
2
1
1
1
2
2
3
4
1
4
10
12
5
5
8
4
4
3
3
5
7
23
5
4
1
4
4
4
2
5
4
4
4
2
8
3
12
6
5
5
6
6
3
3
3
3
9
13
1
1
2
2
2
1
4
4
4
3
2
6
6
4
2
15
7
6
1
5
6
7
6
11
1
6
6
6
6
3
4
6
5
5
2
2
1
2
8
3
6
13
6
5
8
7
2
2
9
15
10
12
6
6
4
17
15
8
4
6
1
1
1
1
3
4
8
10
3
5
6
6
5
4
5
6
5
4
7
4
9
1
7
6
6
19
10
4
23
1
4
3
3
2
1
3
1
3
3
3
4
5
11
4
5
5
17
7
6
8
5
3
1
1
3
5
4
2
2
1
5
6
3
7
6
5
2
10
8
23
3
8
6
6
6
6
5
7
7
18
2
1
2
2
2
2
3
9
8
4
5
9
9
12
8
2
6
8
8
12
3
3
1
1
1
1
2
5
4
3
8
2
6
6
4
2
4
7
11
3
3
3
3
3
5
4
2
1
3
3
4
1
4
5
10
5
6
1
4
11
6
6
6
3
3
2
2
5
1
2
1
1
1
1
6
2
7
1
1
4
4
2
2
5
5
1
5
18
5
3
6
5
8
1
7
7
6
11
14
3
6
3
12
1
4
2
3
7
1
1
6
1
4
3
4
4
3
8
3
2
15
6
63
6
10
5
4
3
36
6
3
4
2
1
2
27
2
9
3
7
5
7
4
4
6
6
10
3
32
8
98
17
17
8
1
1
1
4
1
6
1
1
1
4
2
1
1
1
2
9
5
4
4
18
7
6
6
7
32
3
1
1
1
1
2
9
5
5
5
8
13
4
4
6
10
9
8
6
4
8
10
6
1
6
9
13
46
3
3
3
6
5
8
1
1
1
2
1
1
1
3
10
6
11
10
5
8
5
8
5
3
4
3
6
6
6
6
17
8
14
19
1
1
2
1
1
2
3
4
1
2
2
6
7
3
2
5
6
4
7
5
4
2
1
1
20
6
6
6
11
4
13
7
3
5
2
2
1
1
1
5
4
2
2
4
4
9
4
3
5
9
8
2
6
4
12
5
59
7
11
1
1
3
1
1
1
2
3
2
1
4
1
12
3
4
9
3
5
11
8
2
4
11
4
9
2
16
4
6
5
11
1
1
1
3
4
2
1
2
2
1
6
2
3
5
9
10
6
4
8
16
3
11
10
5
12
3
6
6
16
8
2
26
4
2
1
1
1
2
1
1
1
1
4
4
1
1
6
1
1
2
3
1
2
3
3
6
5
4
4
3
27
11
12
16
10
9
5
23
6
6
3
4
1
1
1
1
4
3
1
2
5
2
6
7
6
10
6
70
5
5
7
5
35
4
3
6
6
4
3
9
7
1
4
1
3
2
6
6
11
5
9
4
9
8
12
10
8
12
5
10
6
8
5
6
15
4
4
1
1
1
2
4
1
1
2
46
2
3
2
4
1
2
4
3
2
14
5
9
17
5
7
10
6
13
6
3
26
8
7
56
1
1
1
5
4
1
7
4
8
4
12
8
4
10
10
7
8
6
19
2
3
6
3
1
2
6
1
2
1
1
2
1
4
2
3
5
9
3
5
8
30
16
14
3
4
10
8
5
7
10
1
2
1
1
1
1
2
1
2
1
1
2
3
2
2
4
6
12
17
12
7
16
8
13
13
3
2
13
4
64
4
7
6
28
1
3
1
1
2
2
1
1
10
6
3
5
6
16
8
18
3
4
3
7
10
15
6
8
3
5
5
2
1
1
3
1
1
2
2
4
2
2
13
4
6
4
8
5
13
38
14
7
12
6
4
5
40
3
3
3
3
1
1
8
1
5
3
6
6
13
5
16
22
4
2
9
7
6
11
32
3
3
1
2
2
7
3
1
2
2
4
5
7
7
5
10
5
8
4
30
5
3
1
33
4
10
12
15
5
3
4
5
11
