0
0
1
5
4
10
10
2
2
9
12
14
9
27
2
10
3
0
1
4
2
1
3
1
2
2
10
3
0
4
4
2
4
3
7
10
7
7
5
2
4
2
4
9
3
5
2
12
5
22
3
0
0
2
1
3
1
2
2
0
7
3
16
2
4
0
4
2
6
49
2
11
7
6
10
176
49
8
25
6
0
2
0
1
2
2
2
3
6
0
2
2
6
16
2
28
10
19
40
0
27
0
0
4
20
1
1
2
3
3
0
4
30
10
1
2
3
6
2
2
4
4
7
4
9
6
11
4
22
0
2
2
2
5
1
1
2
3
4
2
0
0
0
18
4
4
11
0
6
11
36
5
5
54
3
0
1
1
4
0
6
2
0
0
6
6
4
2
2
12
9
7
6
8
9
17
9
15
151
6
5
9
0
0
0
0
0
1
4
2
1
2
6
2
3
4
2
3
3
4
29
4
26
11
7
7
5
5
1
0
1
1
1
3
1
1
2
1
11
3
4
4
10
20
4
5
2
0
2
2
4
6
37
0
4
0
0
0
0
1
2
2
2
2
3
20
3
3
2
2
6
7
5
2
2
3
2
4
4
9
6
28
8
17
18
17
7
4
7
10
0
2
6
1
1
7
2
7
2
1
4
4
2
1
5
5
4
20
2
2
4
10
8
1
0
6
6
6
18
13
10
3
13
0
2
5
2
4
3
3
1
3
12
5
3
3
19
26
0
6
2
7
3
2
9
8
0
0
1
5
7
3
2
2
0
24
14
13
4
7
0
23
9
0
8
6
4
2
8
14
46
3
0
0
2
2
1
5
2
4
2
2
4
2
3
3
0
3
5
9
10
4
16
5
118
26
12
0
1
2
4
2
7
6
5
2
1
2
0
0
6
4
5
1
10
0
23
4
4
11
0
2
3
1
1
2
2
10
0
0
1
10
10
0
19
4
4
3
12
15
16
7
15
6
5
2
0
6
0
1
4
9
1
1
3
2
3
3
2
4
10
6
2
10
2
7
4
15
28
3
4
1
4
1
7
1
9
1
3
5
2
5
2
3
4
19
6
13
42
6
0
0
1
0
1
4
1
1
1
1
18
4
3
3
3
5
5
0
23
2
5
10
4
7
39
3
6
4
5
1
1
1
2
4
1
4
2
90
3
2
4
2
6
3
4
0
2
13
2
5
0
6
18
44
9
8
68
0
0
0
0
2
1
2
3
1
2
1
4
4
1
1
6
2
4
2
5
2
6
3
6
0
2
0
2
36
10
11
18
24
10
76
4
0
0
0
0
0
3
1
2
2
2
1
11
6
25
0
4
7
0
2
2
2
6
2
4
8
32
12
15
4
6
12
3
4
4
2
2
2
7
3
2
2
4
5
4
3
0
22
2
4
3
42
4
3
10
37
5
11
19
5
5
4
2
0
0
0
7
2
2
2
13
3
6
9
2
2
2
7
2
2
4
29
11
4
25
16
9
0
0
0
0
2
1
2
0
2
3
2
4
22
6
2
3
0
0
0
2
5
0
3
0
2
34
14
4
11
0
9
0
3
5
21
2
1
2
3
2
4
4
4
3
3
5
5
6
0
6
4
2
3
9
7
0
39
16
29
7
3
3
4
0
0
1
2
1
1
1
2
1
2
1
1
2
3
2
3
6
9
25
4
9
4
13
2
2
7
3
119
0
4
7
0
25
0
0
0
0
1
1
2
19
5
2
1
15
1
4
1
2
4
2
2
3
1
0
17
6
18
5
11
19
12
3
0
0
0
1
1
2
1
4
2
3
3
3
8
2
0
23
6
9
5
9
28
21
2
4
4
4
8
6
12
24
25
3
5
19
8
0
0
1
1
1
3
6
3
20
19
7
27
3
3
2
2
5
4
2
2
4
2
22
0
6
5
8
5
2
2
10
3
6
18
3
0
2
10
8
36
3
9
18
5
7
28
0
2
1
2
1
2
1
4
2
3
5
3
9
5
7
0
30
10
4
12
28
41
1
5
4
3
5
2
2
26
3
2
2
2
2
3
35
2
9
28
44
0
2
1
1
5
15
6
6
11
2
20
20
0
4
4
8
9
6
37
0
76
0
5
2
2
8
4
4
3
2
7
6
0
0
11
10
6
2
5
9
5
18
6
8
4
6
5
0
1
7
1
7
14
8
1
5
3
2
2
8
3
0
2
5
4
16
38
11
0
0
8
4
2
1
2
3
2
4
2
4
6
7
3
11
15
6
0
0
3
2
3
2
4
2
8
3
6
4
2
30
14
0
2
1
3
3
8
0
6
8
5
4
1
0
4
6
2
2
5
0
3
0
0
1
6
2
6
4
5
6
7
7
4
6
11
4
0
0
2
2
5
6
0
21
4
0
9
10
3
0
0
1
3
8
2
1
1
1
5
4
0
3
3
9
8
2
0
2
0
13
2
12
10
5
15
3
24
9
2
41
4
0
0
1
1
1
1
3
2
3
14
3
2
8
0
2
2
2
2
4
4
13
26
15
3
0
4
3
3
2
1
6
3
3
3
4
0
4
3
5
5
24
10
12
5
4
0
0
1
4
4
2
5
8
3
3
6
4
4
2
2
4
1
5
5
14
15
7
6
4
0
1
2
1
1
5
10
22
5
2
0
3
3
2
8
3
25
9
13
0
0
10
1
2
54
2
14
3
4
1
3
4
4
0
10
47
0
165
26
26
19
0
0
0
2
2
2
4
3
3
5
4
4
2
0
5
15
18
2
5
8
4
0
0
13
1
5
3
7
11
0
7
3
4
24
8
6
12
5
17
10
4
7
18
0
0
2
1
2
10
3
2
1
7
6
12
3
3
8
1
3
5
5
0
7
2
3
0
3
14
9
14
25
16
4
8
7
8
0
3
3
1
1
1
1
2
5
4
3
13
2
0
0
2
4
9
12
4
5
5
0
2
2
1
2
1
10
3
6
6
12
3
2
2
4
9
8
0
18
19
0
3
14
3
12
0
1
2
1
2
1
2
3
2
12
1
17
3
4
0
6
0
2
2
15
2
0
3
6
4
2
24
4
6
6
17
0
4
1
3
5
4
0
1
8
4
8
4
4
3
7
9
1
0
14
0
5
14
0
9
8
9
2
4
0
2
4
6
3
2
1
7
3
0
3
2
6
3
28
0
2
3
9
12
13
2
208
4
3
15
0
1
2
17
1
2
1
2
4
2
3
2
16
3
8
0
40
17
34
4
9
10
6
8
13
1
4
1
4
2
4
12
2
6
5
2
6
6
2
6
2
3
8
9
0
4
15
32
9
8
16
54
0
3
8
2
0
3
0
1
4
1
2
7
2
1
1
11
2
4
9
8
8
8
20
0
56
2
17
14
26
0
1
1
3
5
4
3
2
7
3
10
1
0
2
10
26
0
3
10
7
22
25
15
0
1
2
4
3
1
2
2
4
10
5
2
7
34
88
8
5
77
4
3
6
5
11
0
2
0
4
7
1
1
5
1
0
1
2
1
3
6
5
0
8
13
12
2
4
4
2
11
8
19
4
4
33
16
3
13
0
1
1
1
2
1
2
4
2
2
7
3
135
12
2
13
5
4
7
3
28
27
27
10
2
1
15
22
22
0
0
4
1
1
2
2
14
2
2
13
4
7
0
6
2
6
70
12
6
13
8
4
57
3
3
3
0
4
6
4
2
7
4
4
2
2
0
8
5
4
4
3
2
17
20
0
1
2
9
3
7
2
4
7
0
5
52
5
3
10
0
0
0
0
3
2
14
107
7
19
5
0
0
0
0
4
2
4
7
1
4
6
3
4
3
8
2
2
10
5
8
221
10
10
5
54
3
